 0.226866
 0.780575
 0.770475
 0.253326
 0.224719
 0.769447
 0.758538
 0.250735
 0.223031
 0.756988
 0.745166
 0.248606
 0.221817
 0.743023
 0.730177
 0.246953
 0.221094
 0.727362
 0.713371
 0.245787
 0.220876
 0.709803
 0.694542
 0.245119
 0.221179
 0.690136
 0.673483
 0.244954
 0.222014
 0.668158
 0.650006
 0.245292
 0.223384
 0.643697
 0.623969
 0.246121
 0.225284
 0.616637
 0.595308
 0.247414
 0.227692
 0.586962
 0.564085
 0.249124
 0.230562
 0.554799
 0.530528
 0.251176
 0.233823
 0.520460
 0.495073
 0.253470
 0.237374
 0.484469
 0.458366
 0.255877
 0.241081
 0.447551
 0.421230
 0.258251
 0.244788
 0.410579
 0.384586
 0.260435
 0.248326
 0.374474
 0.349336
 0.262278
 0.251532
 0.340085
 0.316247
 0.263653
 0.254260
 0.308089
 0.285865
 0.264463
 0.256403
 0.278923
 0.258490
 0.264651
 0.257888
 0.252785
 0.234187
 0.264194
 0.258684
 0.229661
 0.212849
 0.263103
 0.258795
 0.209393
 0.194248
 0.261410
 0.258248
 0.191728
 0.178101
 0.259164
 0.257091
 0.176379
 0.164106
 0.256421
 0.255378
 0.163048
 0.151969
 0.253243
 0.253173
 0.151457
 0.141423
 0.249691
 0.250538
 0.141353
 0.132231
 0.245824
 0.247533
 0.132516
 0.124188
 0.241696
 0.244216
 0.124755
 0.117119
 0.237358
 0.240638
 0.117907
 0.110876
 0.232856
 0.236848
 0.111838
 0.105336
 0.228231
 0.232889
 0.106430
 0.100395
 0.223518
 0.228798
 0.101590
 0.095965
 0.218750
 0.224611
 0.097234
 0.091975
 0.213955
 0.220357
 0.093297
 0.088363
 0.209156
 0.216061
 0.089720
 0.085078
 0.204374
 0.211747
 0.086455
 0.082076
 0.199628
 0.207434
 0.083462
 0.079320
 0.194932
 0.203139
 0.080707
 0.076780
 0.190300
 0.198875
 0.078160
 0.074429
 0.185740
 0.194656
 0.075796
 0.072245
 0.181263
 0.190492
 0.073594
 0.070208
 0.176875
 0.186390
 0.071535
 0.068301
 0.172582
 0.182357
 0.069604
 0.066512
 0.168387
 0.178401
 0.067788
 0.064826
 0.164294
 0.174524
 0.066074
 0.063234
 0.160306
 0.170730
 0.064452
 0.061726
 0.156422
 0.167021
 0.062913
 0.060294
 0.152645
 0.163400
 0.061451
 0.058932
 0.148973
 0.159868
 0.060057
 0.057633
 0.145407
 0.156424
 0.058727
 0.056391
 0.141945
 0.153069
 0.057454
 0.055203
 0.138585
 0.149803
 0.056235
 0.054063
 0.135327
 0.146624
 0.055065
 0.052968
 0.132168
 0.143532
 0.053940
 0.051915
 0.129105
 0.140526
 0.052858
 0.050902
 0.126138
 0.137603
 0.051816
 0.049924
 0.123263
 0.134763
 0.050810
 0.048980
 0.120478
 0.132003
 0.049839
 0.048068
 0.117780
 0.129321
 0.048901
 0.047187
 0.115167
 0.126717
 0.047994
 0.046333
 0.112636
 0.124187
 0.047115
 0.045506
 0.110184
 0.121729
 0.046264
 0.044705
 0.107810
 0.119343
 0.045439
 0.043927
 0.105510
 0.117024
 0.044639
 0.043173
 0.103282
 0.114773
 0.043862
 0.042440
 0.101124
 0.112586
 0.043108
 0.041728
 0.099033
 0.110461
 0.042375
 0.041035
 0.097006
 0.108397
 0.041663
 0.040362
 0.095043
 0.106392
 0.040971
 0.039707
 0.093139
 0.104443
 0.040297
 0.039069
 0.091294
 0.102549
 0.039642
 0.038448
 0.089504
 0.100709
 0.039004
 0.037843
 0.087769
 0.098920
 0.038382
 0.037254
 0.086086
 0.097180
 0.037777
 0.036680
 0.084453
 0.095489
 0.037187
 0.036120
 0.082868
 0.093844
 0.036612
 0.035574
 0.081330
 0.092244
 0.036052
 0.035041
 0.079838
 0.090687
 0.035506
 0.034522
 0.078388
 0.089172
 0.034973
 0.034014
 0.076980
 0.087698
 0.034453
 0.033519
 0.075613
 0.086263
 0.033945
 0.033036
 0.074284
 0.084865
 0.033450
 0.032564
 0.072993
 0.083505
 0.032966
 0.032103
 0.071738
 0.082180
 0.032494
 0.031653
 0.070518
 0.080889
 0.032033
 0.031212
 0.069331
 0.079631
 0.031582
 0.030782
 0.068177
 0.078405
 0.031142
 0.030362
 0.067054
 0.077210
 0.030712
 0.029951
 0.065961
 0.076046
 0.030292
 0.029549
 0.064898
 0.074910
 0.029881
 0.029156
 0.063862
 0.073802
 0.029479
 0.028771
 0.062854
 0.072721
 0.029086
 0.028395
 0.061872
 0.071667
 0.028702
 0.028027
 0.060915
 0.070638
 0.028326
 0.027667
 0.059983
 0.069634
 0.027958
 0.027315
 0.059075
 0.068653
 0.027598
 0.026969
 0.058189
 0.067696
 0.027246
 0.026632
 0.057326
 0.066761
 0.026902
 0.026301
 0.056484
 0.065848
 0.026564
 0.025977
 0.055662
 0.064956
 0.026234
 0.025659
 0.054861
 0.064084
 0.025910
 0.025349
 0.054079
 0.063232
 0.025593
 0.025044
 0.053315
 0.062399
 0.025283
 0.024745
 0.052570
 0.061585
 0.024979
 0.024453
 0.051843
 0.060789
 0.024681
 0.024166
 0.051132
 0.060010
 0.024389
 0.023885
 0.050438
 0.059249
 0.024102
 0.023610
 0.049760
 0.058504
 0.023822
 0.023339
 0.049098
 0.057774
 0.023547
 0.023074
 0.048450
 0.057061
 0.023277
 0.022815
 0.047817
 0.056362
 0.023013
 0.022560
 0.047198
 0.055678
 0.022753
 0.022309
 0.046593
 0.055009
 0.022499
 0.022064
 0.046001
 0.054353
 0.022249
 0.021823
 0.045422
 0.053711
 0.022005
 0.021587
 0.044855
 0.053081
 0.021764
 0.021355
 0.044300
 0.052465
 0.021529
 0.021127
 0.043758
 0.051861
 0.021297
 0.020904
 0.043227
 0.051268
 0.021070
 0.020684
 0.042706
 0.050688
 0.020847
 0.020468
 0.042197
 0.050119
 0.020628
 0.020257
 0.041698
 0.049561
 0.020413
 0.020049
 0.041210
 0.049014
 0.020202
 0.019844
 0.040731
 0.048477
 0.019995
 0.019644
 0.040262
 0.047951
 0.019791
 0.019447
 0.039802
 0.047434
 0.019591
 0.019253
 0.039351
 0.046927
 0.019394
 0.019062
 0.038910
 0.046430
 0.019201
 0.018875
 0.038476
 0.045942
 0.019011
 0.018691
 0.038052
 0.045463
 0.018824
 0.018510
 0.037635
 0.044992
 0.018641
 0.018332
 0.037227
 0.044530
 0.018460
 0.018157
 0.036826
 0.044077
 0.018283
 0.017985
 0.036432
 0.043631
 0.018109
 0.017816
 0.036046
 0.043194
 0.017937
 0.017650
 0.035668
 0.042764
 0.017769
 0.017486
 0.035296
 0.042341
 0.017603
 0.017325
 0.034931
 0.041926
 0.017440
 0.017167
 0.034572
 0.041519
 0.017279
 0.017011
 0.034221
 0.041118
 0.017121
 0.016857
 0.033875
 0.040724
 0.016966
 0.016706
 0.033535
 0.040336
 0.016813
 0.016558
 0.033202
 0.039955
 0.016662
 0.016412
 0.032874
 0.039581
 0.016514
 0.016267
 0.032552
 0.039213
 0.016368
 0.016126
 0.032236
 0.038850
 0.016225
 0.015986
 0.031925
 0.038494
 0.016084
 0.015849
 0.031619
 0.038144
 0.015944
 0.015713
 0.031319
 0.037799
 0.015807
 0.015580
 0.031024
 0.037459
 0.015672
 0.015448
 0.030733
 0.037125
 0.015539
 0.015319
 0.030447
 0.036797
 0.015409
 0.015191
 0.030167
 0.036473
 0.015280
 0.015066
 0.029890
 0.036155
 0.015153
 0.014942
 0.029618
 0.035842
 0.015027
 0.014820
 0.029351
 0.035533
 0.014904
 0.014700
 0.029088
 0.035229
 0.014782
 0.014581
 0.028829
 0.034930
 0.014663
 0.014465
 0.028574
 0.034635
 0.014545
 0.014349
 0.028323
 0.034345
 0.014428
 0.014236
 0.028076
 0.034059
 0.014313
 0.014124
 0.027833
 0.033777
 0.014200
 0.014014
 0.027594
 0.033500
 0.014089
 0.013905
 0.027358
 0.033226
 0.013979
 0.013798
 0.027126
 0.032957
 0.013870
 0.013692
 0.026898
 0.032692
 0.013764
 0.013587
 0.026673
 0.032430
 0.013658
 0.013485
 0.026451
 0.032172
 0.013554
 0.013383
 0.026233
 0.031918
 0.013452
 0.013283
 0.026018
 0.031667
 0.013350
 0.013184
 0.025806
 0.031420
 0.013251
 0.013087
 0.025597
 0.031176
 0.013152
 0.012990
 0.025391
 0.030936
 0.013055
 0.012895
 0.025188
 0.030699
 0.012959
 0.012802
 0.024988
 0.030466
 0.012864
 0.012709
 0.024791
 0.030235
 0.012771
 0.012618
 0.024597
 0.030008
 0.012679
 0.012528
 0.024405
 0.029784
 0.012588
 0.012439
 0.024216
 0.029563
 0.012498
 0.012351
 0.024030
 0.029344
 0.012409
 0.012264
 0.023847
 0.029129
 0.012322
 0.012179
 0.023666
 0.028917
 0.012236
 0.012094
 0.023487
 0.028707
 0.012150
 0.012011
 0.023311
 0.028500
 0.012066
 0.011928
 0.023137
 0.028296
 0.011983
 0.011847
 0.022965
 0.028094
 0.011901
 0.011767
 0.022796
 0.027895
 0.011820
 0.011687
 0.022629
 0.027699
 0.011739
 0.011609
 0.022465
 0.027505
 0.011660
 0.011531
 0.022302
 0.027313
 0.011582
 0.011455
 0.022142
 0.027124
 0.011505
 0.011379
 0.021983
 0.026938
 0.011429
 0.011304
 0.021827
 0.026753
 0.011353
 0.011230
 0.021673
 0.026571
 0.011279
 0.011158
 0.021521
 0.026391
 0.011205
 0.011085
 0.021370
 0.026214
 0.011133
 0.011014
 0.021222
 0.026038
 0.011061
 0.010944
 0.021075
 0.025865
 0.010990
 0.010874
 0.020931
 0.025694
 0.010919
 0.010805
 0.020788
 0.025525
 0.010850
 0.010737
 0.020647
 0.025357
 0.010782
 0.010670
 0.020507
 0.025192
 0.010714
 0.010604
 0.020370
 0.025029
 0.010647
 0.010538
 0.020234
 0.024868
 0.010581
 0.010473
 0.020099
 0.024709
 0.010515
 0.010409
 0.019967
 0.024551
 0.010450
 0.010345
 0.019835
 0.024395
 0.010386
 0.010282
 0.019706
 0.024241
 0.010323
 0.010220
 0.019578
 0.024089
 0.010260
 0.010159
 0.019451
 0.023939
 0.010198
 0.010098
 0.019327
 0.023790
 0.010137
 0.010038
 0.019203
 0.023643
 0.010077
 0.009978
 0.019081
 0.023498
 0.010017
 0.009920
 0.018960
 0.023354
 0.009958
 0.009862
 0.018841
 0.023212
 0.009899
 0.009804
 0.018723
 0.023072
 0.009841
 0.009747
 0.018607
 0.022933
 0.009784
 0.009691
 0.018491
 0.022796
 0.009727
 0.009635
 0.018377
 0.022660
 0.009671
 0.009580
 0.018265
 0.022525
 0.009615
 0.009525
 0.018154
 0.022392
 0.009560
 0.009471
 0.018043
 0.022261
 0.009506
 0.009418
 0.017935
 0.022131
 0.009452
 0.009365
 0.017827
 0.022002
 0.009399
 0.009313
 0.017720
 0.021875
 0.009346
 0.009261
 0.017615
 0.021749
 0.009294
 0.009210
 0.017511
 0.021624
 0.009242
 0.009159
 0.017408
 0.021501
 0.009191
 0.009109
 0.017306
 0.021379
 0.009141
 0.009059
 0.017205
 0.021258
 0.009090
 0.009010
 0.017105
 0.021138
 0.009041
 0.008961
 0.017007
 0.021020
 0.008992
 0.008913
 0.016909
 0.020903
 0.008943
 0.008865
 0.016812
 0.020787
 0.008895
 0.008818
 0.016717
 0.020672
 0.008848
 0.008771
 0.016622
 0.020559
 0.008800
 0.008724
 0.016529
 0.020446
 0.008754
 0.008678
 0.016436
 0.020335
 0.008707
 0.008633
 0.016344
 0.020225
 0.008662
 0.008588
 0.016253
 0.020116
 0.008616
 0.008543
 0.016164
 0.020008
 0.008571
 0.008499
 0.016075
 0.019901
 0.008527
 0.008455
 0.015987
 0.019795
 0.008483
 0.008412
 0.015900
 0.019690
 0.008439
 0.008369
 0.015813
 0.019587
 0.008396
 0.008327
 0.015728
 0.019484
 0.008353
 0.008284
 0.015643
 0.019382
 0.008311
 0.008243
 0.015560
 0.019281
 0.008269
 0.008201
 0.015477
 0.019181
 0.008227
 0.008160
 0.015395
 0.019082
 0.008186
 0.008120
 0.015314
 0.018985
 0.008145
 0.008080
 0.015233
 0.018888
 0.008105
 0.008040
 0.015154
 0.018791
 0.008065
 0.008000
 0.015075
 0.018696
 0.008025
 0.007961
 0.014997
 0.018602
 0.007986
 0.007922
 0.014919
 0.018508
 0.007947
 0.007884
 0.014843
 0.018416
 0.007908
 0.007846
 0.014767
 0.018324
 0.007870
 0.007808
 0.014691
 0.018233
 0.007832
 0.007771
 0.014617
 0.018143
 0.007794
 0.007734
 0.014543
 0.018054
 0.007757
 0.007697
 0.014470
 0.017966
 0.007720
 0.007660
 0.014398
 0.017878
 0.007683
 0.007624
 0.014326
 0.017791
 0.007647
 0.007589
 0.014255
 0.017705
 0.007611
 0.007553
 0.014184
 0.017620
 0.007575
 0.007518
 0.014115
 0.017535
 0.007540
 0.007483
 0.014045
 0.017452
 0.007505
 0.007449
 0.013977
 0.017369
 0.007470
 0.007414
 0.013909
 0.017286
 0.007436
 0.007380
 0.013842
 0.017205
 0.007401
 0.007347
 0.013775
 0.017124
 0.007368
 0.007313
 0.013709
 0.017044
 0.007334
 0.007280
 0.013643
 0.016964
 0.007301
 0.007247
 0.013579
 0.016886
 0.007268
 0.007215
 0.013514
 0.016808
 0.007235
 0.007182
 0.013450
 0.016730
 0.007202
 0.007150
 0.013387
 0.016654
 0.007170
 0.007119
 0.013325
 0.016577
 0.007138
 0.007087
 0.013262
 0.016502
 0.007107
 0.007056
 0.013201
 0.016427
 0.007075
 0.007025
 0.013140
 0.016353
 0.007044
 0.006994
 0.013079
 0.016279
 0.007013
 0.006964
 0.013019
 0.016206
 0.006983
 0.006934
 0.012960
 0.016134
 0.006952
 0.006904
 0.012901
 0.016062
 0.006922
 0.006874
 0.012842
 0.015991
 0.006892
 0.006844
 0.012784
 0.015921
 0.006863
 0.006815
 0.012727
 0.015851
 0.006833
 0.006786
 0.012670
 0.015781
 0.006804
 0.006757
 0.012613
 0.015712
 0.006775
 0.006729
 0.012557
 0.015644
 0.006746
 0.006700
 0.012502
 0.015576
 0.006718
 0.006672
 0.012447
 0.015509
 0.006690
 0.006644
 0.012392
 0.015443
 0.006661
 0.006617
 0.012338
 0.015377
 0.006634
 0.006589
 0.012284
 0.015311
 0.006606
 0.006562
 0.012230
 0.015246
 0.006579
 0.006535
 0.012177
 0.015181
 0.006551
 0.006508
 0.012125
 0.015117
 0.006524
 0.006481
 0.012073
 0.015054
 0.006498
 0.006455
 0.012021
 0.014991
 0.006471
 0.006429
 0.011970
 0.014928
 0.006445
 0.006403
 0.011919
 0.014866
 0.006419
 0.006377
 0.011869
 0.014805
 0.006393
 0.006351
 0.011819
 0.014743
 0.006367
 0.006326
 0.011769
 0.014683
 0.006341
 0.006301
 0.011720
 0.014623
 0.006316
 0.006276
 0.011671
 0.014563
 0.006291
 0.006251
 0.011622
 0.014504
 0.006266
 0.006226
 0.011574
 0.014445
 0.006241
 0.006201
 0.011527
 0.014386
 0.006216
 0.006177
 0.011479
 0.014329
 0.006192
 0.006153
 0.011432
 0.014271
 0.006168
 0.006129
 0.011386
 0.014214
 0.006144
 0.006105
 0.011339
 0.014157
 0.006120
 0.006082
 0.011293
 0.014101
 0.006096
 0.006058
 0.011248
 0.014045
 0.006072
 0.006035
 0.011202
 0.013990
 0.006049
 0.006012
 0.011158
 0.013935
 0.006026
 0.005989
 0.011113
 0.013880
 0.006003
 0.005966
 0.011069
 0.013826
 0.005980
 0.005943
 0.011025
 0.013773
 0.005957
 0.005921
 0.010981
 0.013719
 0.005935
 0.005899
 0.010938
 0.013666
 0.005912
 0.005876
 0.010895
 0.013614
 0.005890
 0.005854
 0.010853
 0.013561
 0.005868
 0.005833
 0.010810
 0.013509
 0.005846
 0.005811
 0.010768
 0.013458
 0.005824
 0.005789
 0.010727
 0.013407
 0.005802
 0.005768
 0.010685
 0.013356
 0.005781
 0.005747
 0.010644
 0.013306
 0.005760
 0.005726
 0.010603
 0.013256
 0.005738
 0.005705
 0.010563
 0.013206
 0.005717
 0.005684
 0.010523
 0.013157
 0.005697
 0.005663
 0.010483
 0.013108
 0.005676
 0.005643
 0.010443
 0.013059
 0.005655
 0.005622
 0.010404
 0.013011
 0.005635
 0.005602
 0.010365
 0.012963
 0.005614
 0.005582
 0.010326
 0.012915
 0.005594
 0.005562
 0.010287
 0.012868
 0.005574
 0.005542
 0.010249
 0.012821
 0.005554
 0.005523
 0.010211
 0.012774
 0.005534
 0.005503
 0.010173
 0.012728
 0.005515
 0.005484
 0.010136
 0.012682
 0.005495
 0.005464
 0.010099
 0.012636
 0.005476
 0.005445
 0.010062
 0.012590
 0.005457
 0.005426
 0.010025
 0.012545
 0.005438
 0.005407
 0.009989
 0.012501
 0.005419
 0.005388
 0.009952
 0.012456
 0.005400
 0.005370
 0.009916
 0.012412
 0.005381
 0.005351
 0.009881
 0.012368
 0.005362
 0.005333
 0.009845
 0.012324
 0.005344
 0.005314
 0.009810
 0.012281
 0.005325
 0.005296
 0.009775
 0.012238
 0.005307
 0.005278
 0.009740
 0.012195
 0.005289
 0.005260
 0.009706
 0.012153
 0.005271
 0.005242
 0.009672
 0.012110
 0.005253
 0.005225
 0.009637
 0.012069
 0.005235
 0.005207
 0.009604
 0.012027
 0.005218
 0.005189
 0.009570
 0.011985
 0.005200
 0.005172
 0.009537
 0.011944
 0.005182
 0.005155
 0.009504
 0.011903
 0.005165
 0.005138
 0.009471
 0.011863
 0.005148
 0.005121
 0.009438
 0.011823
 0.005131
 0.005104
 0.009405
 0.011782
 0.005114
 0.005087
 0.009373
 0.011743
 0.005097
 0.005070
 0.009341
 0.011703
 0.005080
 0.005053
 0.009309
 0.011664
 0.005063
 0.005037
 0.009277
 0.011625
 0.005047
 0.005020
 0.009246
 0.011586
 0.005030
 0.005004
 0.009215
 0.011547
 0.005014
 0.004988
 0.009184
 0.011509
 0.004997
 0.004972
 0.009153
 0.011471
 0.004981
 0.004956
 0.009122
 0.011433
 0.004965
 0.004940
 0.009091
 0.011395
 0.004949
 0.004924
 0.009061
 0.011358
 0.004933
 0.004908
 0.009031
 0.011321
 0.004917
 0.004892
 0.009001
 0.011284
 0.004902
 0.004877
 0.008971
 0.011247
 0.004886
 0.004861
 0.008942
 0.011211
 0.004871
 0.004846
 0.008912
 0.011174
 0.004855
 0.004831
 0.008883
 0.011138
 0.004840
 0.004815
 0.008854
 0.011103
 0.004824
 0.004800
 0.008825
 0.011067
 0.004809
 0.004785
 0.008797
 0.011032
 0.004794
 0.004770
 0.008768
 0.010996
 0.004779
 0.004756
 0.008740
 0.010961
 0.004764
 0.004741
 0.008712
 0.010927
 0.004750
 0.004726
 0.008684
 0.010892
 0.004735
 0.004712
 0.008656
 0.010858
 0.004720
 0.004697
 0.008629
 0.010824
 0.004706
 0.004683
 0.008601
 0.010790
 0.004691
 0.004668
 0.008574
 0.010756
 0.004677
 0.004654
 0.008547
 0.010722
 0.004663
 0.004640
 0.008520
 0.010689
 0.004648
 0.004626
 0.008493
 0.010656
 0.004634
 0.004612
 0.008466
 0.010623
 0.004620
 0.004598
 0.008440
 0.010590
 0.004606
 0.004584
 0.008414
 0.010558
 0.004592
 0.004570
 0.008387
 0.010525
 0.004579
 0.004557
 0.008361
 0.010493
 0.004565
 0.004543
 0.008336
 0.010461
 0.004551
 0.004530
 0.008310
 0.010429
 0.004538
 0.004516
 0.008284
 0.010398
 0.004524
 0.004503
 0.008259
 0.010366
 0.004511
 0.004489
 0.008234
 0.010335
 0.004497
 0.004476
 0.008209
 0.010304
 0.004484
 0.004463
 0.008184
 0.010273
 0.004471
 0.004450
 0.008159
 0.010242
 0.004458
 0.004437
 0.008134
 0.010212
 0.004445
 0.004424
 0.008110
 0.010181
 0.004432
 0.004411
 0.008085
 0.010151
 0.004419
 0.004398
 0.008061
 0.010121
 0.004406
 0.004386
 0.008037
 0.010091
 0.004393
 0.004373
 0.008013
 0.010061
 0.004381
 0.004360
 0.007989
 0.010032
 0.004368
 0.004348
 0.007965
 0.010002
 0.004355
 0.004336
 0.007942
 0.009973
 0.004343
 0.004323
 0.007918
 0.009944
 0.004330
 0.004311
 0.007895
 0.009915
 0.004318
 0.004299
 0.007872
 0.009886
 0.004306
 0.004286
 0.007849
 0.009858
 0.004294
 0.004274
 0.007826
 0.009829
 0.004281
 0.004262
 0.007803
 0.009801
 0.004269
 0.004250
 0.007780
 0.009773
 0.004257
 0.004238
 0.007758
 0.009745
 0.004245
 0.004226
 0.007735
 0.009717
 0.004233
 0.004215
 0.007713
 0.009689
 0.004222
 0.004203
 0.007691
 0.009662
 0.004210
 0.004191
 0.007669
 0.009635
 0.004198
 0.004180
 0.007647
 0.009607
 0.004187
 0.004168
 0.007625
 0.009580
 0.004175
 0.004157
 0.007603
 0.009553
 0.004163
 0.004145
 0.007582
 0.009526
 0.004152
 0.004134
 0.007560
 0.009500
 0.004141
 0.004123
 0.007539
 0.009473
 0.004129
 0.004111
 0.007518
 0.009447
 0.004118
 0.004100
 0.007496
 0.009421
 0.004107
 0.004089
 0.007475
 0.009395
 0.004096
 0.004078
 0.007454
 0.009369
 0.004084
 0.004067
 0.007434
 0.009343
 0.004073
 0.004056
 0.007413
 0.009317
 0.004062
 0.004045
 0.007392
 0.009292
 0.004051
 0.004034
 0.007372
 0.009266
 0.004041
 0.004023
 0.007352
 0.009241
 0.004030
 0.004013
 0.007331
 0.009216
 0.004019
 0.004002
 0.007311
 0.009191
 0.004008
 0.003991
 0.007291
 0.009166
 0.003998
 0.003981
 0.007271
 0.009141
 0.003987
 0.003970
 0.007251
 0.009116
 0.003976
 0.003960
 0.007232
 0.009092
 0.003966
 0.003949
 0.007212
 0.009067
 0.003955
 0.003939
 0.007193
 0.009043
 0.003945
 0.003929
 0.007173
 0.009019
 0.003935
 0.003918
 0.007154
 0.008995
 0.003924
 0.003908
 0.007135
 0.008971
 0.003914
 0.003898
 0.007115
 0.008947
 0.003904
 0.003888
 0.007096
 0.008924
 0.003894
 0.003878
 0.007077
 0.008900
 0.003884
 0.003868
 0.007059
 0.008877
 0.003874
 0.003858
 0.007040
 0.008853
 0.003864
 0.003848
 0.007021
 0.008830
 0.003854
 0.003838
 0.007003
 0.008807
 0.003844
 0.003828
 0.006984
 0.008784
 0.003834
 0.003819
 0.006966
 0.008761
 0.003824
 0.003809
 0.006948
 0.008738
 0.003815
 0.003799
 0.006929
 0.008716
 0.003805
 0.003790
 0.006911
 0.008693
 0.003795
 0.003780
 0.006893
 0.008671
 0.003786
 0.003770
 0.006875
 0.008649
 0.003776
 0.003761
 0.006858
 0.008626
 0.003766
 0.003752
 0.006840
 0.008604
 0.003757
 0.003742
 0.006822
 0.008582
 0.003748
 0.003733
 0.006805
 0.008561
 0.003738
 0.003723
 0.006787
 0.008539
 0.003729
 0.003714
 0.006770
 0.008517
 0.003720
 0.003705
 0.006753
 0.008496
 0.003710
 0.003696
 0.006735
 0.008474
 0.003701
 0.003687
 0.006718
 0.008453
 0.003692
 0.003678
 0.006701
 0.008431
 0.003683
 0.003669
 0.006684
 0.008410
 0.003674
 0.003660
 0.006667
 0.008389
 0.003665
 0.003651
 0.006650
 0.008368
 0.003656
 0.003642
 0.006634
 0.008348
 0.003647
 0.003633
 0.006617
 0.008327
 0.003638
 0.003624
 0.006600
 0.008306
 0.003629
 0.003615
 0.006584
 0.008286
 0.003620
 0.003606
 0.006568
 0.008265
 0.003611
 0.003598
 0.006551
 0.008245
 0.003603
 0.003589
 0.006535
 0.008225
 0.003594
 0.003580
 0.006519
 0.008204
 0.003585
 0.003572
 0.006503
 0.008184
 0.003577
 0.003563
 0.006487
 0.008164
 0.003568
 0.003555
 0.006471
 0.008144
 0.003560
 0.003546
 0.006455
 0.008125
 0.003551
 0.003538
 0.006439
 0.008105
 0.003543
 0.003529
 0.006423
 0.008085
 0.003534
 0.003521
 0.006408
 0.008066
 0.003526
 0.003513
 0.006392
 0.008046
 0.003517
 0.003504
 0.006377
 0.008027
 0.003509
 0.003496
 0.006361
 0.008008
 0.003501
 0.003488
 0.006346
 0.007989
 0.003493
 0.003480
 0.006331
 0.007969
 0.003484
 0.003472
 0.006315
 0.007950
 0.003476
 0.003463
 0.006300
 0.007932
 0.003468
 0.003455
 0.006285
 0.007913
 0.003460
 0.003447
 0.006270
 0.007894
 0.003452
 0.003439
 0.006255
 0.007875
 0.003444
 0.003431
 0.006240
 0.007857
 0.003436
 0.003424
 0.006225
 0.007838
 0.003428
 0.003416
 0.006211
 0.007820
 0.003420
 0.003408
 0.006196
 0.007802
 0.003412
 0.003400
 0.006181
 0.007783
 0.003404
 0.003392
 0.006167
 0.007765
 0.003397
 0.003384
 0.006152
 0.007747
 0.003389
 0.003377
 0.006138
 0.007729
 0.003381
 0.003369
 0.006124
 0.007711
 0.003373
 0.003361
 0.006109
 0.007693
 0.003366
 0.003354
 0.006095
 0.007676
 0.003358
 0.003346
 0.006081
 0.007658
 0.003351
 0.003339
 0.006067
 0.007640
 0.003343
 0.003331
 0.006053
 0.007623
 0.003335
 0.003324
 0.006039
 0.007605
 0.003328
 0.003316
 0.006025
 0.007588
 0.003320
 0.003309
 0.006011
 0.007571
 0.003313
 0.003301
 0.005997
 0.007553
 0.003306
 0.003294
 0.005984
 0.007536
 0.003298
 0.003287
 0.005970
 0.007519
 0.003291
 0.003279
 0.005956
 0.007502
 0.003284
 0.003272
 0.005943
 0.007485
 0.003276
 0.003265
 0.005929
 0.007468
 0.003269
 0.003258
 0.005916
 0.007452
 0.003262
 0.003250
 0.005902
 0.007435
 0.003255
 0.003243
 0.005889
 0.007418
 0.003247
 0.003236
 0.005876
 0.007402
 0.003240
 0.003229
 0.005863
 0.007385
 0.003233
 0.003222
 0.005850
 0.007369
 0.003226
 0.003215
 0.005836
 0.007352
 0.003219
 0.003208
 0.005823
 0.007336
 0.003212
 0.003201
 0.005810
 0.007320
 0.003205
 0.003194
 0.005798
 0.007304
 0.003198
 0.003187
 0.005785
 0.007288
 0.003191
 0.003180
 0.005772
 0.007272
 0.003184
 0.003173
 0.005759
 0.007256
 0.003177
 0.003167
 0.005746
 0.007240
 0.003171
 0.003160
 0.005734
 0.007224
 0.003164
 0.003153
 0.005721
 0.007208
 0.003157
 0.003146
 0.005709
 0.007193
 0.003150
 0.003140
 0.005696
 0.007177
 0.003143
 0.003133
 0.005684
 0.007161
 0.003137
 0.003126
 0.005671
 0.007146
 0.003130
 0.003120
 0.005659
 0.007130
 0.003123
 0.003113
 0.005647
 0.007115
 0.003117
 0.003106
 0.005634
 0.007100
 0.003110
 0.003100
 0.005622
 0.007085
 0.003104
 0.003093
 0.005610
 0.007069
 0.003097
 0.003087
 0.005598
 0.007054
 0.003091
 0.003080
 0.005586
 0.007039
 0.003084
 0.003074
 0.005574
 0.007024
 0.003078
 0.003068
 0.005562
 0.007009
 0.003071
 0.003061
 0.005550
 0.006994
 0.003065
 0.003055
 0.005538
 0.006980
 0.003058
 0.003048
 0.005527
 0.006965
 0.003052
 0.003042
 0.005515
 0.006950
 0.003046
 0.003036
 0.005503
 0.006936
 0.003039
 0.003030
 0.005492
 0.006921
 0.003033
 0.003023
 0.005480
 0.006906
 0.003027
 0.003017
 0.005468
 0.006892
 0.003021
 0.003011
 0.005457
 0.006878
 0.003014
 0.003005
 0.005445
 0.006863
 0.003008
 0.002999
 0.005434
 0.006849
 0.003002
 0.002992
 0.005423
 0.006835
 0.002996
 0.002986
 0.005411
 0.006821
 0.002990
 0.002980
 0.005400
 0.006806
 0.002984
 0.002974
 0.005389
 0.006792
 0.002978
 0.002968
 0.005378
 0.006778
 0.002972
 0.002962
 0.005367
 0.006764
 0.002966
 0.002956
 0.005355
 0.006751
 0.002960
 0.002950
 0.005344
 0.006737
 0.002954
 0.002944
 0.005333
 0.006723
 0.002948
 0.002938
 0.005322
 0.006709
 0.002942
 0.002933
 0.005312
 0.006696
 0.002936
 0.002927
 0.005301
 0.006682
 0.002930
 0.002921
 0.005290
 0.006668
 0.002924
 0.002915
 0.005279
 0.006655
 0.002918
 0.002909
 0.005268
 0.006641
 0.002913
 0.002903
 0.005258
 0.006628
 0.002907
 0.002898
 0.005247
 0.006615
 0.002901
 0.002892
 0.005236
 0.006601
 0.002895
 0.002886
 0.005226
 0.006588
 0.002890
 0.002881
 0.005215
 0.006575
 0.002884
 0.002875
 0.005205
 0.006562
 0.002878
 0.002869
 0.005194
 0.006549
 0.002872
 0.002864
 0.005184
 0.006535
 0.002867
 0.002858
 0.005173
 0.006522
 0.002861
 0.002852
 0.005163
 0.006510
 0.002856
 0.002847
 0.005153
 0.006497
 0.002850
 0.002841
 0.005142
 0.006484
 0.002844
 0.002836
 0.005132
 0.006471
 0.002839
 0.002830
 0.005122
 0.006458
 0.002833
 0.002825
 0.005112
 0.006445
 0.002828
 0.002819
 0.005102
 0.006433
 0.002822
 0.002814
 0.005092
 0.006420
 0.002817
 0.002809
 0.005082
 0.006408
 0.002812
 0.002803
 0.005072
 0.006395
 0.002806
 0.002798
 0.005062
 0.006383
 0.002801
 0.002792
 0.005052
 0.006370
 0.002795
 0.002787
 0.005042
 0.006358
 0.002790
 0.002782
 0.005032
 0.006345
 0.002785
 0.002776
 0.005022
 0.006333
 0.002779
 0.002771
 0.005013
 0.006321
 0.002774
 0.002766
 0.005003
 0.006309
 0.002769
 0.002761
 0.004993
 0.006297
 0.002764
 0.002755
 0.004984
 0.006284
 0.002758
 0.002750
 0.004974
 0.006272
 0.002753
 0.002745
 0.004964
 0.006260
 0.002748
 0.002740
 0.004955
 0.006248
 0.002743
 0.002735
 0.004945
 0.006236
 0.002738
 0.002730
 0.004936
 0.006225
 0.002732
 0.002724
 0.004926
 0.006213
 0.002727
 0.002719
 0.004917
 0.006201
 0.002722
 0.002714
 0.004908
 0.006189
 0.002717
 0.002709
 0.004898
 0.006177
 0.002712
 0.002704
 0.004889
 0.006166
 0.002707
 0.002699
 0.004880
 0.006154
 0.002702
 0.002694
 0.004870
 0.006142
 0.002697
 0.002689
 0.004861
 0.006131
 0.002692
 0.002684
 0.004852
 0.006119
 0.002687
 0.002679
 0.004843
 0.006108
 0.002682
 0.002674
 0.004834
 0.006096
 0.002677
 0.002669
 0.004825
 0.006085
 0.002672
 0.002665
 0.004816
 0.006074
 0.002667
 0.002660
 0.004807
 0.006062
 0.002662
 0.002655
 0.004798
 0.006051
 0.002658
 0.002650
 0.004789
 0.006040
 0.002653
 0.002645
 0.004780
 0.006029
 0.002648
 0.002640
 0.004771
 0.006018
 0.002643
 0.002636
 0.004762
 0.006007
 0.002638
 0.002631
 0.004753
 0.005995
 0.002633
 0.002626
 0.004744
 0.005984
 0.002629
 0.002621
 0.004736
 0.005973
 0.002624
 0.002617
 0.004727
 0.005962
 0.002619
 0.002612
 0.004718
 0.005952
 0.002614
 0.002607
 0.004710
 0.005941
 0.002610
 0.002602
 0.004701
 0.005930
 0.002605
 0.002598
 0.004692
 0.005919
 0.002600
 0.002593
 0.004684
 0.005908
 0.002596
 0.002588
 0.004675
 0.005898
 0.002591
 0.002584
 0.004667
 0.005887
 0.002586
 0.002579
 0.004658
 0.005876
 0.002582
 0.002575
 0.004650
 0.005866
 0.002577
 0.002570
 0.004641
 0.005855
 0.002573
 0.002566
 0.004633
 0.005845
 0.002568
 0.002561
 0.004625
 0.005834
 0.002564
 0.002557
 0.004616
 0.005824
 0.002559
 0.002552
 0.004608
 0.005813
 0.002555
 0.002548
 0.004600
 0.005803
 0.002550
 0.002543
 0.004592
 0.005792
 0.002546
 0.002539
 0.004583
 0.005782
 0.002541
 0.002534
 0.004575
 0.005772
 0.002537
 0.002530
 0.004567
 0.005761
 0.002532
 0.002525
 0.004559
 0.005751
 0.002528
 0.002521
 0.004551
 0.005741
 0.002523
 0.002517
 0.004543
 0.005731
 0.002519
 0.002512
 0.004535
 0.005721
 0.002515
 0.002508
 0.004527
 0.005711
 0.002510
 0.002503
 0.004519
 0.005701
 0.002506
 0.002499
 0.004511
 0.005691
 0.002502
 0.002495
 0.004503
 0.005681
 0.002497
 0.002490
 0.004495
 0.005671
 0.002493
 0.002486
 0.004487
 0.005661
 0.002489
 0.002482
 0.004479
 0.005651
 0.002484
 0.002478
 0.004471
 0.005641
 0.002480
 0.002473
 0.004463
 0.005631
 0.002476
 0.002469
 0.004456
 0.005622
 0.002472
 0.002465
 0.004448
 0.005612
 0.002467
 0.002461
 0.004440
 0.005602
 0.002463
 0.002457
 0.004432
 0.005592
 0.002459
 0.002452
 0.004425
 0.005583
 0.002455
 0.002448
 0.004417
 0.005573
 0.002451
 0.002444
 0.004409
 0.005564
 0.002446
 0.002440
 0.004402
 0.005554
 0.002442
 0.002436
 0.004394
 0.005544
 0.002438
 0.002432
 0.004387
 0.005535
 0.002434
 0.002428
 0.004379
 0.005526
 0.002430
 0.002424
 0.004372
 0.005516
 0.002426
 0.002420
 0.004364
 0.005507
 0.002422
 0.002415
 0.004357
 0.005497
 0.002418
 0.002411
 0.004349
 0.005488
 0.002414
 0.002407
 0.004342
 0.005479
 0.002410
 0.002403
 0.004335
 0.005469
 0.002406
 0.002399
 0.004327
 0.005460
 0.002402
 0.002395
 0.004320
 0.005451
 0.002398
 0.002391
 0.004313
 0.005442
 0.002394
 0.002387
 0.004305
 0.005433
 0.002390
 0.002384
 0.004298
 0.005423
 0.002386
 0.002380
 0.004291
 0.005414
 0.002382
 0.002376
 0.004284
 0.005405
 0.002378
 0.002372
 0.004276
 0.005396
 0.002374
 0.002368
 0.004269
 0.005387
 0.002370
 0.002364
 0.004262
 0.005378
 0.002366
 0.002360
 0.004255
 0.005369
 0.002362
 0.002356
 0.004248
 0.005360
 0.002358
 0.002352
 0.004241
 0.005351
 0.002355
 0.002349
 0.004234
 0.005343
 0.002351
 0.002345
 0.004227
 0.005334
 0.002347
 0.002341
 0.004220
 0.005325
 0.002343
 0.002337
 0.004213
 0.005316
 0.002339
 0.002333
 0.004206
 0.005307
 0.002335
 0.002330
 0.004199
 0.005299
 0.002332
 0.002326
 0.004192
 0.005290
 0.002328
 0.002322
 0.004185
 0.005281
 0.002324
 0.002318
 0.004178
 0.005273
 0.002320
 0.002315
 0.004171
 0.005264
 0.002317
 0.002311
 0.004164
 0.005255
 0.002313
 0.002307
 0.004158
 0.005247
 0.002309
 0.002303
 0.004151
 0.005238
 0.002306
 0.002300
 0.004144
 0.005230
 0.002302
 0.002296
 0.004137
 0.005221
 0.002298
 0.002292
 0.004131
 0.005213
 0.002294
 0.002289
 0.004124
 0.005204
 0.002291
 0.002285
 0.004117
 0.005196
 0.002287
 0.002281
 0.004111
 0.005188
 0.002284
 0.002278
 0.004104
 0.005179
 0.002280
 0.002274
 0.004097
 0.005171
 0.002276
 0.002271
 0.004091
 0.005163
 0.002273
 0.002267
 0.004084
 0.005154
 0.002269
 0.002264
 0.004078
 0.005146
 0.002266
 0.002260
 0.004071
 0.005138
 0.002262
 0.002256
 0.004065
 0.005130
 0.002258
 0.002253
 0.004058
 0.005122
 0.002255
 0.002249
 0.004052
 0.005113
 0.002251
 0.002246
 0.004045
 0.005105
 0.002248
 0.002242
 0.004039
 0.005097
 0.002244
 0.002239
 0.004032
 0.005089
 0.002241
 0.002235
 0.004026
 0.005081
 0.002237
 0.002232
 0.004019
 0.005073
 0.002234
 0.002228
 0.004013
 0.005065
 0.002230
 0.002225
 0.004007
 0.005057
 0.002227
 0.002221
 0.004000
 0.005049
 0.002223
 0.002218
 0.003994
 0.005041
 0.002220
 0.002215
 0.003988
 0.005033
 0.002217
 0.002211
 0.003982
 0.005025
 0.002213
 0.002208
 0.003975
 0.005017
 0.002210
 0.002204
 0.003969
 0.005010
 0.002206
 0.002201
 0.003963
 0.005002
 0.002203
 0.002198
 0.003957
 0.004994
 0.002200
 0.002194
 0.003951
 0.004986
 0.002196
 0.002191
 0.003944
 0.004979
 0.002193
 0.002188
 0.003938
 0.004971
 0.002189
 0.002184
 0.003932
 0.004963
 0.002186
 0.002181
 0.003926
 0.004955
 0.002183
 0.002178
 0.003920
 0.004948
 0.002179
 0.002174
 0.003914
 0.004940
 0.002176
 0.002171
 0.003908
 0.004933
 0.002173
 0.002168
 0.003902
 0.004925
 0.002170
 0.002164
 0.003896
 0.004917
 0.002166
 0.002161
 0.003890
 0.004910
 0.002163
 0.002158
 0.003884
 0.004902
 0.002160
 0.002155
 0.003878
 0.004895
 0.002156
 0.002151
 0.003872
 0.004887
 0.002153
 0.002148
 0.003866
 0.004880
 0.002150
 0.002145
 0.003860
 0.004873
 0.002147
 0.002142
 0.003854
 0.004865
 0.002144
 0.002139
 0.003849
 0.004858
 0.002140
 0.002135
 0.003843
 0.004850
 0.002137
 0.002132
 0.003837
 0.004843
 0.002134
 0.002129
 0.003831
 0.004836
 0.002131
 0.002126
 0.003825
 0.004828
 0.002128
 0.002123
 0.003819
 0.004821
 0.002124
 0.002119
 0.003814
 0.004814
 0.002121
 0.002116
 0.003808
 0.004807
 0.002118
 0.002113
 0.003802
 0.004799
 0.002115
 0.002110
 0.003797
 0.004792
 0.002112
 0.002107
 0.003791
 0.004785
 0.002109
 0.002104
 0.003785
 0.004778
 0.002106
 0.002101
 0.003780
 0.004771
 0.002103
 0.002098
 0.003774
 0.004764
 0.002099
 0.002095
 0.003768
 0.004757
 0.002096
 0.002092
 0.003763
 0.004750
 0.002093
 0.002089
 0.003757
 0.004742
 0.002090
 0.002085
 0.003751
 0.004735
 0.002087
 0.002082
 0.003746
 0.004728
 0.002084
 0.002079
 0.003740
 0.004721
 0.002081
 0.002076
 0.003735
 0.004714
 0.002078
 0.002073
 0.003729
 0.004708
 0.002075
 0.002070
 0.003724
 0.004701
 0.002072
 0.002067
 0.003718
 0.004694
 0.002069
 0.002064
 0.003713
 0.004687
 0.002066
 0.002061
 0.003707
 0.004680
 0.002063
 0.002058
 0.003702
 0.004673
 0.002060
 0.002055
 0.003697
 0.004666
 0.002057
 0.002052
 0.003691
 0.004659
 0.002054
 0.002050
 0.003686
 0.004653
 0.002051
 0.002047
 0.003680
 0.004646
 0.002048
 0.002044
 0.003675
 0.004639
 0.002045
 0.002041
 0.003670
 0.004632
 0.002042
 0.002038
 0.003664
 0.004626
 0.002039
 0.002035
 0.003659
 0.004619
 0.002037
 0.002032
 0.003654
 0.004612
 0.002034
 0.002029
 0.003648
 0.004606
 0.002031
 0.002026
 0.003643
 0.004599
 0.002028
 0.002023
 0.003638
 0.004592
 0.002025
 0.002020
 0.003633
 0.004586
 0.002022
 0.002018
 0.003627
 0.004579
 0.002019
 0.002015
 0.003622
 0.004573
 0.002016
 0.002012
 0.003617
 0.004566
 0.002014
 0.002009
 0.003612
 0.004559
 0.002011
 0.002006
 0.003607
 0.004553
 0.002008
 0.002003
 0.003601
 0.004546
 0.002005
 0.002001
 0.003596
 0.004540
 0.002002
 0.001998
 0.003591
 0.004534
 0.001999
 0.001995
 0.003586
 0.004527
 0.001997
 0.001992
 0.003581
 0.004521
 0.001994
 0.001989
 0.003576
 0.004514
 0.001991
 0.001987
 0.003571
 0.004508
 0.001988
 0.001984
 0.003566
 0.004501
 0.001985
 0.001981
 0.003561
 0.004495
 0.001983
 0.001978
 0.003556
 0.004489
 0.001980
 0.001976
 0.003551
 0.004482
 0.001977
 0.001973
 0.003546
 0.004476
 0.001974
 0.001970
 0.003541
 0.004470
 0.001972
 0.001967
 0.003536
 0.004464
 0.001969
 0.001965
 0.003531
 0.004457
 0.001966
 0.001962
 0.003526
 0.004451
 0.001964
 0.001959
 0.003521
 0.004445
 0.001961
 0.001957
 0.003516
 0.004439
 0.001958
 0.001954
 0.003511
 0.004432
 0.001955
 0.001951
 0.003506
 0.004426
 0.001953
 0.001949
 0.003501
 0.004420
 0.001950
 0.001946
 0.003496
 0.004414
 0.001947
 0.001943
 0.003492
 0.004408
 0.001945
 0.001941
 0.003487
 0.004402
 0.001942
 0.001938
 0.003482
 0.004396
 0.001939
 0.001935
 0.003477
 0.004390
 0.001937
 0.001933
 0.003472
 0.004384
 0.001934
 0.001930
 0.003468
 0.004378
 0.001931
 0.001927
 0.003463
 0.004371
 0.001929
 0.001925
 0.003458
 0.004365
 0.001926
 0.001922
 0.003453
 0.004359
 0.001924
 0.001920
 0.003448
 0.004354
 0.001921
 0.001917
 0.003444
 0.004348
 0.001918
 0.001914
 0.003439
 0.004342
 0.001916
 0.001912
 0.003434
 0.004336
 0.001913
 0.001909
 0.003430
 0.004330
 0.001911
 0.001907
 0.003425
 0.004324
 0.001908
 0.001904
 0.003420
 0.004318
 0.001906
 0.001902
 0.003416
 0.004312
 0.001903
 0.001899
 0.003411
 0.004306
 0.001900
 0.001897
 0.003406
 0.004300
 0.001898
 0.001894
 0.003402
 0.004295
 0.001895
 0.001891
 0.003397
 0.004289
 0.001893
 0.001889
 0.003393
 0.004283
 0.001890
 0.001886
 0.003388
 0.004277
 0.001888
 0.001884
 0.003383
 0.004271
 0.001885
 0.001881
 0.003379
 0.004266
 0.001883
 0.001879
 0.003374
 0.004260
 0.001880
 0.001876
 0.003370
 0.004254
 0.001878
 0.001874
 0.003365
 0.004249
 0.001875
 0.001871
 0.003361
 0.004243
 0.001873
 0.001869
 0.003356
 0.004237
 0.001870
 0.001867
 0.003352
 0.004232
 0.001868
 0.001864
 0.003347
 0.004226
 0.001865
 0.001862
 0.003343
 0.004220
 0.001863
 0.001859
 0.003338
 0.004215
 0.001861
 0.001857
 0.003334
 0.004209
 0.001858
 0.001854
 0.003330
 0.004203
 0.001856
 0.001852
 0.003325
 0.004198
 0.001853
 0.001850
 0.003321
 0.004192
 0.001851
 0.001847
 0.003316
 0.004187
 0.001848
 0.001845
 0.003312
 0.004181
 0.001846
 0.001842
 0.003308
 0.004176
 0.001844
 0.001840
 0.003303
 0.004170
 0.001841
 0.001838
 0.003299
 0.004165
 0.001839
 0.001835
 0.003295
 0.004159
 0.001836
 0.001833
 0.003290
 0.004154
 0.001834
 0.001830
 0.003286
 0.004148
 0.001832
 0.001828
 0.003282
 0.004143
 0.001829
 0.001826
 0.003277
 0.004138
 0.001827
 0.001823
 0.003273
 0.004132
 0.001825
 0.001821
 0.003269
 0.004127
 0.001822
 0.001819
 0.003265
 0.004121
 0.001820
 0.001816
 0.003260
 0.004116
 0.001818
 0.001814
 0.003256
 0.004111
 0.001815
 0.001812
 0.003252
 0.004105
 0.001813
 0.001809
 0.003248
 0.004100
 0.001811
 0.001807
 0.003243
 0.004095
 0.001808
 0.001805
 0.003239
 0.004089
 0.001806
 0.001802
 0.003235
 0.004084
 0.001804
 0.001800
 0.003231
 0.004079
 0.001801
 0.001798
 0.003227
 0.004074
 0.001799
 0.001796
 0.003222
 0.004068
 0.001797
 0.001793
 0.003218
 0.004063
 0.001795
 0.001791
 0.003214
 0.004058
 0.001792
 0.001789
 0.003210
 0.004053
 0.001790
 0.001786
 0.003206
 0.004047
 0.001788
 0.001784
 0.003202
 0.004042
 0.001786
 0.001782
 0.003198
 0.004037
 0.001783
 0.001780
 0.003194
 0.004032
 0.001781
 0.001778
 0.003190
 0.004027
 0.001779
 0.001775
 0.003186
 0.004022
 0.001777
 0.001773
 0.003182
 0.004017
 0.001774
 0.001771
 0.003177
 0.004012
 0.001772
 0.001769
 0.003173
 0.004006
 0.001770
 0.001766
 0.003169
 0.004001
 0.001768
 0.001764
 0.003165
 0.003996
 0.001765
 0.001762
 0.003161
 0.003991
 0.001763
 0.001760
 0.003157
 0.003986
 0.001761
 0.001758
 0.003153
 0.003981
 0.001759
 0.001755
 0.003149
 0.003976
 0.001757
 0.001753
 0.003145
 0.003971
 0.001754
 0.001751
 0.003142
 0.003966
 0.001752
 0.001749
 0.003138
 0.003961
 0.001750
 0.001747
 0.003134
 0.003956
 0.001748
 0.001745
 0.003130
 0.003951
 0.001746
 0.001742
 0.003126
 0.003946
 0.001744
 0.001740
 0.003122
 0.003941
 0.001741
 0.001738
 0.003118
 0.003936
 0.001739
 0.001736
 0.003114
 0.003932
 0.001737
 0.001734
 0.003110
 0.003927
 0.001735
 0.001732
 0.003106
 0.003922
 0.001733
 0.001730
 0.003103
 0.003917
 0.001731
 0.001728
 0.003099
 0.003912
 0.001729
 0.001725
 0.003095
 0.003907
 0.001727
 0.001723
 0.003091
 0.003902
 0.001724
 0.001721
 0.003087
 0.003897
 0.001722
 0.001719
 0.003083
 0.003893
 0.001720
 0.001717
 0.003080
 0.003888
 0.001718
 0.001715
 0.003076
 0.003883
 0.001716
 0.001713
 0.003072
 0.003878
 0.001714
 0.001711
 0.003068
 0.003874
 0.001712
 0.001709
 0.003064
 0.003869
 0.001710
 0.001707
 0.003061
 0.003864
 0.001708
 0.001705
 0.003057
 0.003859
 0.001706
 0.001702
 0.003053
 0.003855
 0.001704
 0.001700
 0.003049
 0.003850
 0.001702
 0.001698
 0.003046
 0.003845
 0.001700
 0.001696
 0.003042
 0.003840
 0.001697
 0.001694
 0.003038
 0.003836
 0.001695
 0.001692
 0.003035
 0.003831
 0.001693
 0.001690
 0.003031
 0.003826
 0.001691
 0.001688
 0.003027
 0.003822
 0.001689
 0.001686
 0.003024
 0.003817
 0.001687
 0.001684
 0.003020
 0.003813
 0.001685
 0.001682
 0.003016
 0.003808
 0.001683
 0.001680
 0.003013
 0.003803
 0.001681
 0.001678
 0.003009
 0.003799
 0.001679
 0.001676
 0.003005
 0.003794
 0.001677
 0.001674
 0.003002
 0.003790
 0.001675
 0.001672
 0.002998
 0.003785
 0.001673
 0.001670
 0.002995
 0.003780
 0.001671
 0.001668
 0.002991
 0.003776
 0.001669
 0.001666
 0.002987
 0.003771
 0.001667
 0.001664
 0.002984
 0.003767
 0.001665
 0.001662
 0.002980
 0.003762
 0.001663
 0.001660
 0.002977
 0.003758
 0.001661
 0.001658
 0.002973
 0.003753
 0.001659
 0.001656
 0.002970
 0.003749
 0.001658
 0.001655
 0.002966
 0.003744
 0.001656
 0.001653
 0.002962
 0.003740
 0.001654
 0.001651
 0.002959
 0.003736
 0.001652
 0.001649
 0.002955
 0.003731
 0.001650
 0.001647
 0.002952
 0.003727
 0.001648
 0.001645
 0.002948
 0.003722
 0.001646
 0.001643
 0.002945
 0.003718
 0.001644
 0.001641
 0.002941
 0.003713
 0.001642
 0.001639
 0.002938
 0.003709
 0.001640
 0.001637
 0.002935
 0.003705
 0.001638
 0.001635
 0.002931
 0.003700
 0.001636
 0.001633
 0.002928
 0.003696
 0.001634
 0.001631
 0.002924
 0.003692
 0.001633
 0.001630
 0.002921
 0.003687
 0.001631
 0.001628
 0.002917
 0.003683
 0.001629
 0.001626
 0.002914
 0.003679
 0.001627
 0.001624
 0.002911
 0.003674
 0.001625
 0.001622
 0.002907
 0.003670
 0.001623
 0.001620
 0.002904
 0.003666
 0.001621
 0.001618
 0.002900
 0.003662
 0.001619
 0.001616
 0.002897
 0.003657
 0.001618
 0.001615
 0.002894
 0.003653
 0.001616
 0.001613
 0.002890
 0.003649
 0.001614
 0.001611
 0.002887
 0.003644
 0.001612
 0.001609
 0.002884
 0.003640
 0.001610
 0.001607
 0.002880
 0.003636
 0.001608
 0.001605
 0.002877
 0.003632
 0.001606
 0.001604
 0.002874
 0.003628
 0.001605
 0.001602
 0.002870
 0.003623
 0.001603
 0.001600
 0.002867
 0.003619
 0.001601
 0.001598
 0.002864
 0.003615
 0.001599
 0.001596
 0.002860
 0.003611
 0.001597
 0.001594
 0.002857
 0.003607
 0.001595
 0.001593
 0.002854
 0.003603
 0.001594
 0.001591
 0.002850
 0.003598
 0.001592
 0.001589
 0.002847
 0.003594
 0.001590
 0.001587
 0.002844
 0.003590
 0.001588
 0.001585
 0.002841
 0.003586
 0.001586
 0.001584
 0.002837
 0.003582
 0.001585
 0.001582
 0.002834
